VARIABLES="Iteration""N_Residuals""Rate_Residuals""SpecificR_Max"
0 38 5.75758 3333.33
1 124 18.7879 1885.95
2 224 33.9394 1085.38
3 342 51.8182 1010.25
4 452 68.4848 878.742
5 490 74.2424 824.764
6 534 80.9091 762.182
7 588 89.0909 716.207
8 608 92.1212 675.649
9 622 94.2424 641.291
10 622 94.2424 610.454
11 622 94.2424 583.396
12 626 94.8485 559.202
13 630 95.4545 537.349
14 632 95.7576 517.473
15 632 95.7576 499.301
16 632 95.7576 482.61
17 632 95.7576 467.219
18 634 96.0606 452.979
19 634 96.0606 441.202
20 634 96.0606 430.685
21 634 96.0606 420.756
22 634 96.0606 411.365
23 636 96.3636 402.47
24 636 96.3636 394.032
25 636 96.3636 386.019
26 638 96.6667 378.401
27 638 96.6667 371.151
28 638 96.6667 364.245
29 638 96.6667 357.662
30 638 96.6667 351.382
31 638 96.6667 345.387
32 638 96.6667 339.661
33 638 96.6667 334.189
34 638 96.6667 328.957
35 636 96.3636 323.952
36 636 96.3636 319.162
37 636 96.3636 314.577
38 636 96.3636 310.185
39 636 96.3636 305.978
40 636 96.3636 301.945
41 636 96.3636 298.078
42 636 96.3636 294.369
43 638 96.6667 290.811
44 638 96.6667 287.397
45 638 96.6667 284.118
46 638 96.6667 280.97
47 638 96.6667 277.945
48 638 96.6667 275.038
49 638 96.6667 272.244
50 636 96.3636 269.557
51 636 96.3636 266.972
52 636 96.3636 264.484
53 636 96.3636 262.089
54 636 96.3636 259.783
55 636 96.3636 257.561
56 636 96.3636 255.42
57 636 96.3636 253.356
58 636 96.3636 251.365
59 636 96.3636 249.444
60 636 96.3636 247.59
61 636 96.3636 245.799
62 638 96.6667 244.069
63 638 96.6667 242.398
64 638 96.6667 240.781
65 638 96.6667 239.218
66 638 96.6667 237.705
67 638 96.6667 236.24
68 638 96.6667 234.821
69 638 96.6667 233.446
70 638 96.6667 232.112
71 638 96.6667 230.819
72 638 96.6667 229.564
73 638 96.6667 228.346
74 638 96.6667 227.162
75 638 96.6667 226.012
76 638 96.6667 224.893
77 638 96.6667 223.805
78 638 96.6667 222.746
79 638 96.6667 221.714
80 638 96.6667 220.71
81 638 96.6667 219.73
82 638 96.6667 218.775
83 638 96.6667 217.842
84 638 96.6667 216.932
85 638 96.6667 216.043
86 638 96.6667 215.175
87 638 96.6667 214.325
88 638 96.6667 213.494
89 638 96.6667 212.681
90 638 96.6667 211.885
91 638 96.6667 211.105
92 638 96.6667 210.34
93 638 96.6667 209.591
94 638 96.6667 208.855
95 638 96.6667 208.133
96 638 96.6667 207.424
97 638 96.6667 206.728
98 638 96.6667 206.043
99 638 96.6667 205.37
100 638 96.6667 204.708
101 638 96.6667 204.056
102 638 96.6667 203.415
103 638 96.6667 202.783
104 638 96.6667 202.161
105 638 96.6667 201.547
106 638 96.6667 200.942
107 638 96.6667 200.345
108 638 96.6667 199.755
109 638 96.6667 199.174
110 638 96.6667 198.599
111 638 96.6667 198.032
112 638 96.6667 197.471
113 638 96.6667 196.917
114 638 96.6667 196.368
115 638 96.6667 195.826
116 638 96.6667 195.29
117 638 96.6667 194.758
118 638 96.6667 194.233
119 638 96.6667 193.712
120 638 96.6667 193.196
121 638 96.6667 192.685
122 638 96.6667 192.178
123 638 96.6667 191.676
124 638 96.6667 191.178
125 638 96.6667 190.684
126 638 96.6667 190.194
127 638 96.6667 189.707
128 638 96.6667 189.225
129 638 96.6667 188.746
130 638 96.6667 188.27
131 638 96.6667 187.797
132 638 96.6667 187.328
133 638 96.6667 186.862
134 638 96.6667 186.399
135 638 96.6667 185.939
136 638 96.6667 185.481
137 638 96.6667 185.026
138 638 96.6667 184.574
139 638 96.6667 184.124
140 638 96.6667 183.677
141 638 96.6667 183.232
142 638 96.6667 182.79
143 638 96.6667 182.35
144 638 96.6667 181.912
145 638 96.6667 181.476
146 638 96.6667 181.042
147 638 96.6667 180.61
148 638 96.6667 180.18
149 638 96.6667 179.752
150 638 96.6667 179.326
151 638 96.6667 178.902
152 638 96.6667 178.48
153 638 96.6667 178.059
154 638 96.6667 177.64
155 638 96.6667 177.222
156 638 96.6667 176.806
157 638 96.6667 176.392
158 638 96.6667 175.979
159 638 96.6667 175.568
160 638 96.6667 175.159
161 638 96.6667 174.75
162 638 96.6667 174.343
163 638 96.6667 173.938
164 638 96.6667 173.534
165 638 96.6667 173.131
166 638 96.6667 172.729
167 638 96.6667 172.329
168 638 96.6667 171.93
169 638 96.6667 171.533
170 638 96.6667 171.136
171 638 96.6667 170.741
172 638 96.6667 170.347
173 638 96.6667 169.954
174 638 96.6667 169.562
175 638 96.6667 169.171
176 638 96.6667 168.782
177 638 96.6667 168.393
178 638 96.6667 168.006
179 638 96.6667 167.62
180 638 96.6667 167.234
181 638 96.6667 166.85
182 638 96.6667 166.467
183 638 96.6667 166.085
184 638 96.6667 165.703
185 638 96.6667 165.323
186 638 96.6667 164.944
187 638 96.6667 164.566
188 638 96.6667 164.189
189 638 96.6667 163.812
190 638 96.6667 163.437
191 638 96.6667 163.062
192 638 96.6667 162.689
193 638 96.6667 162.316
194 638 96.6667 161.944
195 638 96.6667 161.574
196 638 96.6667 161.204
197 638 96.6667 160.835
198 638 96.6667 160.466
199 638 96.6667 160.099
200 638 96.6667 159.733
201 638 96.6667 159.367
202 638 96.6667 159.002
203 638 96.6667 158.638
204 638 96.6667 158.275
205 638 96.6667 157.913
206 638 96.6667 157.552
207 638 96.6667 157.191
208 638 96.6667 156.831
209 638 96.6667 156.472
210 638 96.6667 156.114
211 638 96.6667 155.757
212 638 96.6667 155.4
213 638 96.6667 155.045
214 638 96.6667 154.69
215 638 96.6667 154.336
216 638 96.6667 153.982
217 638 96.6667 153.63
218 638 96.6667 153.278
219 638 96.6667 152.927
220 638 96.6667 152.576
221 638 96.6667 152.227
222 638 96.6667 151.878
223 638 96.6667 151.53
224 638 96.6667 151.183
225 638 96.6667 150.837
226 638 96.6667 150.491
227 638 96.6667 150.146
228 638 96.6667 149.802
229 638 96.6667 149.458
230 638 96.6667 149.115
231 638 96.6667 148.773
232 638 96.6667 148.432
233 638 96.6667 148.092
234 638 96.6667 147.752
235 638 96.6667 147.413
236 638 96.6667 147.074
237 638 96.6667 146.737
238 638 96.6667 146.4
239 638 96.6667 146.064
240 638 96.6667 145.728
241 638 96.6667 145.393
242 638 96.6667 145.059
243 638 96.6667 144.726
244 638 96.6667 144.393
245 638 96.6667 144.061
246 638 96.6667 143.73
247 638 96.6667 143.4
248 638 96.6667 143.07
249 638 96.6667 142.741
250 638 96.6667 142.412
251 638 96.6667 142.085
252 638 96.6667 141.758
253 638 96.6667 141.431
254 638 96.6667 141.106
255 638 96.6667 140.781
256 638 96.6667 140.457
257 638 96.6667 140.133
258 638 96.6667 139.81
259 638 96.6667 139.488
260 638 96.6667 139.166
261 638 96.6667 138.846
262 638 96.6667 138.525
263 638 96.6667 138.206
264 638 96.6667 137.887
265 638 96.6667 137.569
266 638 96.6667 137.252
267 638 96.6667 136.935
268 638 96.6667 136.619
269 638 96.6667 136.303
270 638 96.6667 135.989
271 638 96.6667 135.675
272 638 96.6667 135.361
273 638 96.6667 135.048
274 638 96.6667 134.736
275 638 96.6667 134.425
276 638 96.6667 134.114
277 638 96.6667 133.804
278 638 96.6667 133.495
279 638 96.6667 133.186
280 638 96.6667 132.878
281 638 96.6667 132.57
282 638 96.6667 132.263
283 638 96.6667 131.957
284 638 96.6667 131.652
285 638 96.6667 131.347
286 638 96.6667 131.042
287 638 96.6667 130.739
288 638 96.6667 130.436
289 638 96.6667 130.134
290 638 96.6667 129.832
291 638 96.6667 129.531
292 638 96.6667 129.231
293 638 96.6667 128.931
294 638 96.6667 128.632
295 638 96.6667 128.333
296 638 96.6667 128.036
297 638 96.6667 127.738
298 638 96.6667 127.442
299 638 96.6667 127.146
300 638 96.6667 126.851
301 638 96.6667 126.556
302 638 96.6667 126.262
303 638 96.6667 125.969
304 638 96.6667 125.676
305 638 96.6667 125.384
306 638 96.6667 125.092
307 638 96.6667 124.801
308 638 96.6667 124.511
309 638 96.6667 124.221
310 638 96.6667 123.932
311 638 96.6667 123.644
312 638 96.6667 123.356
313 638 96.6667 123.069
314 638 96.6667 122.783
315 638 96.6667 122.497
316 638 96.6667 122.211
317 638 96.6667 121.927
318 638 96.6667 121.643
319 638 96.6667 121.359
320 638 96.6667 121.076
321 638 96.6667 120.794
322 638 96.6667 120.513
323 638 96.6667 120.231
324 638 96.6667 119.951
325 638 96.6667 119.671
326 638 96.6667 119.392
327 638 96.6667 119.113
328 638 96.6667 118.835
329 638 96.6667 118.558
330 638 96.6667 118.281
331 638 96.6667 118.005
332 638 96.6667 117.729
333 638 96.6667 117.454
334 638 96.6667 117.18
335 638 96.6667 116.906
336 638 96.6667 116.633
337 638 96.6667 116.36
338 638 96.6667 116.088
339 638 96.6667 115.817
340 638 96.6667 115.546
341 638 96.6667 115.276
342 638 96.6667 115.006
343 638 96.6667 114.737
344 638 96.6667 114.468
345 638 96.6667 114.201
346 638 96.6667 113.933
347 638 96.6667 113.666
348 638 96.6667 113.4
349 638 96.6667 113.135
350 638 96.6667 112.87
351 638 96.6667 112.605
352 638 96.6667 112.341
353 638 96.6667 112.078
354 638 96.6667 111.815
355 638 96.6667 111.553
356 638 96.6667 111.292
357 638 96.6667 111.031
358 638 96.6667 110.77
359 638 96.6667 110.51
360 638 96.6667 110.251
361 638 96.6667 109.992
362 638 96.6667 109.734
363 638 96.6667 109.477
364 638 96.6667 109.22
365 638 96.6667 108.963
366 638 96.6667 108.707
367 638 96.6667 108.452
368 638 96.6667 108.197
369 638 96.6667 107.943
370 638 96.6667 107.69
371 638 96.6667 107.436
372 638 96.6667 107.184
373 638 96.6667 106.932
374 638 96.6667 106.681
375 638 96.6667 106.43
376 638 96.6667 106.179
377 638 96.6667 105.93
378 638 96.6667 105.68
379 638 96.6667 105.432
380 638 96.6667 105.184
381 638 96.6667 104.936
382 638 96.6667 104.689
383 638 96.6667 104.443
384 638 96.6667 104.197
385 638 96.6667 103.951
386 638 96.6667 103.707
387 638 96.6667 103.462
388 638 96.6667 103.219
389 638 96.6667 102.975
390 638 96.6667 102.733
391 638 96.6667 102.491
392 638 96.6667 102.249
393 638 96.6667 102.008
394 638 96.6667 101.767
395 638 96.6667 101.527
396 638 96.6667 101.288
397 638 96.6667 101.049
398 638 96.6667 100.811
399 638 96.6667 100.573
400 638 96.6667 100.335
401 638 96.6667 100.099
402 638 96.6667 99.8623
403 638 96.6667 99.6266
404 638 96.6667 99.3914
405 638 96.6667 99.1567
406 638 96.6667 98.9225
407 638 96.6667 98.6888
408 638 96.6667 98.4557
409 638 96.6667 98.2231
410 638 96.6667 97.991
411 638 96.6667 97.7594
412 638 96.6667 97.5284
413 638 96.6667 97.2978
414 638 96.6667 97.0678
415 638 96.6667 96.8383
416 638 96.6667 96.6093
417 638 96.6667 96.3808
418 638 96.6667 96.1528
419 638 96.6667 95.9254
420 638 96.6667 95.6984
421 638 96.6667 95.472
422 638 96.6667 95.246
423 638 96.6667 95.0206
424 638 96.6667 94.7957
425 638 96.6667 94.5712
426 638 96.6667 94.3473
427 638 96.6667 94.1239
428 638 96.6667 93.901
429 638 96.6667 93.6786
430 638 96.6667 93.4567
431 638 96.6667 93.2353
432 638 96.6667 93.0143
433 638 96.6667 92.7939
434 638 96.6667 92.574
435 638 96.6667 92.3546
436 638 96.6667 92.1356
437 638 96.6667 91.9172
438 638 96.6667 91.6992
439 638 96.6667 91.4818
440 638 96.6667 91.2648
441 638 96.6667 91.0483
442 638 96.6667 90.8323
443 638 96.6667 90.6168
444 638 96.6667 90.4018
445 638 96.6667 90.1873
446 638 96.6667 89.9733
447 638 96.6667 89.7597
448 638 96.6667 89.5466
449 638 96.6667 89.334
450 638 96.6667 89.1219
451 638 96.6667 88.9103
452 638 96.6667 88.6991
453 638 96.6667 88.4884
454 638 96.6667 88.2782
455 638 96.6667 88.0685
456 638 96.6667 87.8592
457 638 96.6667 87.6504
458 638 96.6667 87.4421
459 638 96.6667 87.2343
460 638 96.6667 87.0269
461 638 96.6667 86.8201
462 638 96.6667 86.6136
463 638 96.6667 86.4077
464 638 96.6667 86.2022
465 638 96.6667 85.9972
466 638 96.6667 85.7926
467 638 96.6667 85.5885
468 638 96.6667 85.3849
469 638 96.6667 85.1817
470 638 96.6667 84.979
471 638 96.6667 84.7768
472 638 96.6667 84.575
473 638 96.6667 84.3737
474 638 96.6667 84.1728
475 638 96.6667 83.9724
476 638 96.6667 83.7725
477 638 96.6667 83.573
478 638 96.6667 83.374
479 638 96.6667 83.1754
480 638 96.6667 82.9772
481 638 96.6667 82.7796
482 638 96.6667 82.5823
483 638 96.6667 82.3856
484 638 96.6667 82.1892
485 638 96.6667 81.9933
486 638 96.6667 81.7979
487 638 96.6667 81.6029
488 638 96.6667 81.4084
489 638 96.6667 81.2143
490 638 96.6667 81.0206
491 638 96.6667 80.8274
492 638 96.6667 80.6347
493 638 96.6667 80.4423
494 638 96.6667 80.2504
495 638 96.6667 80.059
496 638 96.6667 79.868
497 638 96.6667 79.6774
498 638 96.6667 79.4873
499 638 96.6667 79.2976
500 638 96.6667 79.1083
501 638 96.6667 78.9195
502 638 96.6667 78.7311
503 638 96.6667 78.5431
504 638 96.6667 78.3556
505 638 96.6667 78.1685
506 638 96.6667 77.9818
507 638 96.6667 77.7956
508 638 96.6667 77.6097
509 638 96.6667 77.4243
510 638 96.6667 77.2394
511 638 96.6667 77.0548
512 638 96.6667 76.8707
513 638 96.6667 76.687
514 638 96.6667 76.5038
515 638 96.6667 76.3209
516 638 96.6667 76.1385
517 638 96.6667 75.9565
518 638 96.6667 75.7749
519 638 96.6667 75.5937
520 638 96.6667 75.4129
521 638 96.6667 75.2326
522 638 96.6667 75.0527
523 638 96.6667 74.8732
524 638 96.6667 74.6941
525 638 96.6667 74.5154
526 638 96.6667 74.3371
527 638 96.6667 74.1593
528 638 96.6667 73.9818
529 638 96.6667 73.8048
530 638 96.6667 73.6282
531 638 96.6667 73.4519
532 638 96.6667 73.2761
533 638 96.6667 73.1007
534 638 96.6667 72.9257
535 638 96.6667 72.7511
536 638 96.6667 72.5769
537 638 96.6667 72.4031
538 638 96.6667 72.2297
539 638 96.6667 72.0567
540 638 96.6667 71.8841
541 638 96.6667 71.7119
542 638 96.6667 71.5401
543 638 96.6667 71.3687
544 638 96.6667 71.1977
545 638 96.6667 71.0271
546 638 96.6667 70.8569
547 638 96.6667 70.6871
548 638 96.6667 70.5177
549 638 96.6667 70.3487
550 638 96.6667 70.18
551 638 96.6667 70.0118
552 638 96.6667 69.8439
553 638 96.6667 69.6765
554 638 96.6667 69.5094
555 638 96.6667 69.3427
556 638 96.6667 69.1764
557 638 96.6667 69.0105
558 638 96.6667 68.8449
559 638 96.6667 68.6798
560 638 96.6667 68.515
561 638 96.6667 68.3507
562 638 96.6667 68.1867
563 638 96.6667 68.023
564 638 96.6667 67.8598
565 638 96.6667 67.6969
566 638 96.6667 67.5345
567 638 96.6667 67.3724
568 638 96.6667 67.2106
569 638 96.6667 67.0493
570 638 96.6667 66.8883
571 638 96.6667 66.7277
572 638 96.6667 66.5675
573 638 96.6667 66.4076
574 638 96.6667 66.2481
575 638 96.6667 66.089
576 638 96.6667 65.9303
577 638 96.6667 65.7719
578 638 96.6667 65.6139
579 638 96.6667 65.4563
580 638 96.6667 65.299
581 638 96.6667 65.1421
582 638 96.6667 64.9856
583 638 96.6667 64.8294
584 638 96.6667 64.6736
585 638 96.6667 64.5182
586 638 96.6667 64.3631
587 638 96.6667 64.2084
588 638 96.6667 64.0541
589 638 96.6667 63.9001
590 638 96.6667 63.7464
591 638 96.6667 63.5932
592 638 96.6667 63.4402
593 638 96.6667 63.2877
594 638 96.6667 63.1355
595 638 96.6667 62.9836
596 638 96.6667 62.8321
597 638 96.6667 62.681
598 638 96.6667 62.5302
599 638 96.6667 62.3798
600 638 96.6667 62.2297
601 638 96.6667 62.08
602 638 96.6667 61.9306
603 638 96.6667 61.7816
604 638 96.6667 61.6329
605 638 96.6667 61.4846
606 638 96.6667 61.3366
607 638 96.6667 61.1889
608 638 96.6667 61.0416
609 638 96.6667 60.8947
610 638 96.6667 60.7481
611 638 96.6667 60.6018
612 638 96.6667 60.4559
613 638 96.6667 60.3103
614 638 96.6667 60.1651
615 638 96.6667 60.0202
616 638 96.6667 59.8757
617 638 96.6667 59.7314
618 638 96.6667 59.5876
619 638 96.6667 59.444
620 638 96.6667 59.3008
621 638 96.6667 59.158
622 638 96.6667 59.0154
623 638 96.6667 58.8732
624 638 96.6667 58.7314
625 638 96.6667 58.5899
626 638 96.6667 58.4487
627 638 96.6667 58.3078
628 638 96.6667 58.1673
629 638 96.6667 58.0271
630 638 96.6667 57.8872
631 638 96.6667 57.7476
632 638 96.6667 57.6084
633 638 96.6667 57.4695
634 638 96.6667 57.331
635 638 96.6667 57.1927
636 638 96.6667 57.0548
637 638 96.6667 56.9172
638 638 96.6667 56.78
639 638 96.6667 56.643
640 638 96.6667 56.5064
641 638 96.6667 56.3701
642 638 96.6667 56.2342
643 638 96.6667 56.0985
644 638 96.6667 55.9632
645 638 96.6667 55.8281
646 638 96.6667 55.6934
647 638 96.6667 55.5591
648 638 96.6667 55.425
649 638 96.6667 55.2913
650 638 96.6667 55.1578
651 638 96.6667 55.0247
652 638 96.6667 54.8919
653 638 96.6667 54.7594
654 638 96.6667 54.6272
655 638 96.6667 54.4954
656 638 96.6667 54.3638
657 638 96.6667 54.2326
658 638 96.6667 54.1016
659 638 96.6667 53.971
660 638 96.6667 53.8407
661 638 96.6667 53.7107
662 638 96.6667 53.581
663 638 96.6667 53.4516
664 638 96.6667 53.3225
665 638 96.6667 53.1937
666 638 96.6667 53.0652
667 638 96.6667 52.937
668 638 96.6667 52.8091
669 638 96.6667 52.6816
670 638 96.6667 52.5543
671 638 96.6667 52.4273
672 638 96.6667 52.3006
673 638 96.6667 52.1743
674 638 96.6667 52.0482
675 638 96.6667 51.9224
676 638 96.6667 51.7969
677 638 96.6667 51.6718
678 638 96.6667 51.5469
679 638 96.6667 51.4223
680 638 96.6667 51.298
681 638 96.6667 51.174
682 638 96.6667 51.0503
683 638 96.6667 50.9269
684 638 96.6667 50.8037
685 638 96.6667 50.6809
686 638 96.6667 50.5584
687 638 96.6667 50.4361
688 638 96.6667 50.3142
689 638 96.6667 50.1925
690 638 96.6667 50.0711
691 638 96.6667 49.95
692 638 96.6667 49.8292
693 638 96.6667 49.7087
694 638 96.6667 49.5885
695 638 96.6667 49.4685
696 638 96.6667 49.3488
697 638 96.6667 49.2295
698 638 96.6667 49.1104
699 638 96.6667 48.9915
700 638 96.6667 48.873
701 638 96.6667 48.7547
702 638 96.6667 48.6368
703 638 96.6667 48.5191
704 638 96.6667 48.4017
705 638 96.6667 48.2845
706 638 96.6667 48.1677
707 638 96.6667 48.0511
708 638 96.6667 47.9348
709 638 96.6667 47.8188
710 638 96.6667 47.703
711 638 96.6667 47.5875
712 638 96.6667 47.4723
713 638 96.6667 47.3574
714 638 96.6667 47.2427
715 638 96.6667 47.1284
716 638 96.6667 47.0142
717 638 96.6667 46.9004
718 638 96.6667 46.7868
719 638 96.6667 46.6735
720 638 96.6667 46.5605
721 638 96.6667 46.4477
722 638 96.6667 46.3353
723 638 96.6667 46.223
724 638 96.6667 46.1111
725 638 96.6667 45.9994
726 638 96.6667 45.888
727 638 96.6667 45.7768
728 638 96.6667 45.6659
729 638 96.6667 45.5553
730 638 96.6667 45.4449
731 638 96.6667 45.3348
732 638 96.6667 45.2249
733 638 96.6667 45.1154
734 638 96.6667 45.006
735 638 96.6667 44.897
736 638 96.6667 44.7882
737 638 96.6667 44.6796
738 638 96.6667 44.5713
739 638 96.6667 44.4633
740 638 96.6667 44.3555
741 638 96.6667 44.248
742 638 96.6667 44.1408
743 638 96.6667 44.0338
744 638 96.6667 43.927
745 638 96.6667 43.8205
746 638 96.6667 43.7143
747 638 96.6667 43.6083
748 638 96.6667 43.5026
749 638 96.6667 43.3971
750 638 96.6667 43.2919
751 638 96.6667 43.1869
752 638 96.6667 43.0822
753 638 96.6667 42.9777
754 638 96.6667 42.8735
755 638 96.6667 42.7695
756 638 96.6667 42.6658
757 638 96.6667 42.5623
758 638 96.6667 42.459
759 638 96.6667 42.356
760 638 96.6667 42.2533
761 638 96.6667 42.1508
762 638 96.6667 42.0485
763 638 96.6667 41.9465
764 638 96.6667 41.8448
765 638 96.6667 41.7433
766 638 96.6667 41.642
767 638 96.6667 41.5409
768 638 96.6667 41.4401
769 638 96.6667 41.3396
770 638 96.6667 41.2393
771 638 96.6667 41.1392
772 638 96.6667 41.0393
773 638 96.6667 40.9397
774 638 96.6667 40.8404
775 638 96.6667 40.7413
776 638 96.6667 40.6424
777 638 96.6667 40.5437
778 638 96.6667 40.4453
779 638 96.6667 40.3471
780 638 96.6667 40.2492
781 638 96.6667 40.1515
782 638 96.6667 40.054
783 638 96.6667 39.9568
784 638 96.6667 39.8598
785 638 96.6667 39.763
786 638 96.6667 39.6664
787 638 96.6667 39.5701
788 638 96.6667 39.474
789 638 96.6667 39.3782
790 638 96.6667 39.2826
791 638 96.6667 39.1872
792 638 96.6667 39.092
793 638 96.6667 38.997
794 638 96.6667 38.9023
795 638 96.6667 38.8078
796 638 96.6667 38.7136
797 638 96.6667 38.6196
798 638 96.6667 38.5257
799 638 96.6667 38.4322
800 638 96.6667 38.3388
801 638 96.6667 38.2457
802 638 96.6667 38.1528
803 638 96.6667 38.0601
804 638 96.6667 37.9676
805 638 96.6667 37.8753
806 638 96.6667 37.7833
807 638 96.6667 37.6915
808 638 96.6667 37.5999
809 638 96.6667 37.5086
810 638 96.6667 37.4174
811 638 96.6667 37.3265
812 638 96.6667 37.2358
813 638 96.6667 37.1453
814 638 96.6667 37.055
815 638 96.6667 36.965
816 638 96.6667 36.8751
817 638 96.6667 36.7855
818 638 96.6667 36.6961
819 638 96.6667 36.6069
820 638 96.6667 36.5179
821 638 96.6667 36.4291
822 638 96.6667 36.3406
823 638 96.6667 36.2522
824 638 96.6667 36.1641
825 638 96.6667 36.0762
826 638 96.6667 35.9885
827 638 96.6667 35.901
828 638 96.6667 35.8137
829 638 96.6667 35.7266
830 638 96.6667 35.6397
831 638 96.6667 35.553
832 638 96.6667 35.4666
833 636 96.3636 35.3803
834 636 96.3636 35.2943
835 636 96.3636 35.2085
836 636 96.3636 35.1228
837 636 96.3636 35.0374
838 636 96.3636 34.9522
839 636 96.3636 34.8672
840 636 96.3636 34.7824
841 636 96.3636 34.6978
842 636 96.3636 34.6134
843 636 96.3636 34.5292
844 636 96.3636 34.4452
845 636 96.3636 34.3614
846 636 96.3636 34.2778
847 636 96.3636 34.1944
848 636 96.3636 34.1112
849 636 96.3636 34.0282
850 636 96.3636 33.9455
851 636 96.3636 33.8629
852 636 96.3636 33.7805
853 636 96.3636 33.6983
854 636 96.3636 33.6163
855 636 96.3636 33.5345
856 636 96.3636 33.4529
857 636 96.3636 33.3715
858 636 96.3636 33.2903
859 636 96.3636 33.2093
860 636 96.3636 33.1284
861 636 96.3636 33.0478
862 636 96.3636 32.9674
863 636 96.3636 32.8871
864 636 96.3636 32.8071
865 636 96.3636 32.7272
866 636 96.3636 32.6476
867 636 96.3636 32.5681
868 636 96.3636 32.4888
869 636 96.3636 32.4098
870 636 96.3636 32.3309
871 636 96.3636 32.2521
872 636 96.3636 32.1736
873 636 96.3636 32.0953
874 636 96.3636 32.0172
875 636 96.3636 31.9392
876 636 96.3636 31.8615
877 636 96.3636 31.7839
878 636 96.3636 31.7065
879 636 96.3636 31.6293
880 636 96.3636 31.5523
881 636 96.3636 31.4754
882 636 96.3636 31.3988
883 636 96.3636 31.3223
884 636 96.3636 31.2461
885 636 96.3636 31.17
886 636 96.3636 31.0941
887 636 96.3636 31.0183
888 636 96.3636 30.9428
889 636 96.3636 30.8674
890 636 96.3636 30.7923
891 636 96.3636 30.7173
892 636 96.3636 30.6424
893 636 96.3636 30.5678
894 636 96.3636 30.4933
895 636 96.3636 30.4191
896 636 96.3636 30.345
897 636 96.3636 30.271
898 636 96.3636 30.1973
899 636 96.3636 30.1237
900 636 96.3636 30.0504
901 636 96.3636 29.9771
902 636 96.3636 29.9041
903 636 96.3636 29.8313
904 636 96.3636 29.7586
905 636 96.3636 29.6861
906 636 96.3636 29.6137
907 636 96.3636 29.5416
908 636 96.3636 29.4696
909 636 96.3636 29.3978
910 636 96.3636 29.3262
911 636 96.3636 29.2547
912 636 96.3636 29.1834
913 636 96.3636 29.1123
914 636 96.3636 29.0413
915 636 96.3636 28.9706
916 636 96.3636 28.9
917 636 96.3636 28.8295
918 636 96.3636 28.7593
919 636 96.3636 28.6892
920 636 96.3636 28.6193
921 636 96.3636 28.5495
922 636 96.3636 28.4799
923 636 96.3636 28.4105
924 636 96.3636 28.3412
925 636 96.3636 28.2722
926 636 96.3636 28.2032
927 636 96.3636 28.1345
928 636 96.3636 28.0659
929 636 96.3636 27.9975
930 636 96.3636 27.9292
931 636 96.3636 27.8611
932 636 96.3636 27.7932
933 636 96.3636 27.7255
934 636 96.3636 27.6579
935 636 96.3636 27.5904
936 636 96.3636 27.5232
937 636 96.3636 27.4561
938 636 96.3636 27.3891
939 636 96.3636 27.3223
940 636 96.3636 27.2557
941 636 96.3636 27.1893
942 636 96.3636 27.123
943 636 96.3636 27.0568
944 636 96.3636 26.9908
945 636 96.3636 26.925
946 636 96.3636 26.8594
947 636 96.3636 26.7938
948 636 96.3636 26.7285
949 636 96.3636 26.6633
950 636 96.3636 26.5983
951 636 96.3636 26.5334
952 636 96.3636 26.4687
953 636 96.3636 26.4041
954 636 96.3636 26.3397
955 636 96.3636 26.2755
956 634 96.0606 26.2114
957 634 96.0606 26.1475
958 634 96.0606 26.0837
959 634 96.0606 26.0201
960 634 96.0606 25.9566
961 634 96.0606 25.8933
962 634 96.0606 25.8301
963 634 96.0606 25.7671
964 634 96.0606 25.7042
965 634 96.0606 25.6415
966 634 96.0606 25.579
967 634 96.0606 25.5166
968 634 96.0606 25.4543
969 634 96.0606 25.3922
970 634 96.0606 25.3303
971 634 96.0606 25.2685
972 634 96.0606 25.2068
973 634 96.0606 25.1453
974 634 96.0606 25.084
975 634 96.0606 25.0227
976 634 96.0606 24.9617
977 634 96.0606 24.9008
978 634 96.0606 24.84
979 634 96.0606 24.7794
980 634 96.0606 24.7189
981 634 96.0606 24.6586
982 632 95.7576 24.5984
983 632 95.7576 24.5384
984 630 95.4545 24.4785
985 630 95.4545 24.4188
986 630 95.4545 24.3592
987 630 95.4545 24.2997
988 630 95.4545 24.2404
989 630 95.4545 24.1813
990 630 95.4545 24.1222
991 630 95.4545 24.0634
992 630 95.4545 24.0046
993 630 95.4545 23.946
994 630 95.4545 23.8876
995 628 95.1515 23.8293
996 628 95.1515 23.7711
997 628 95.1515 23.7131
998 628 95.1515 23.6552
999 628 95.1515 23.5975
1000 628 95.1515 23.5399
1001 628 95.1515 23.4824
1002 628 95.1515 23.4251
1003 628 95.1515 23.3679
1004 628 95.1515 23.3108
1005 628 95.1515 23.2539
1006 628 95.1515 23.1972
1007 628 95.1515 23.1405
1008 628 95.1515 23.084
1009 628 95.1515 23.0277
1010 628 95.1515 22.9714
1011 628 95.1515 22.9154
1012 626 94.8485 22.8594
1013 626 94.8485 22.8036
1014 626 94.8485 22.7479
1015 626 94.8485 22.6924
1016 626 94.8485 22.637
1017 626 94.8485 22.5817
1018 626 94.8485 22.5265
1019 626 94.8485 22.4715
1020 626 94.8485 22.4167
1021 626 94.8485 22.3619
1022 626 94.8485 22.3073
1023 626 94.8485 22.2528
1024 626 94.8485 22.1985
1025 626 94.8485 22.1443
1026 626 94.8485 22.0902
1027 626 94.8485 22.0362
1028 626 94.8485 21.9824
1029 626 94.8485 21.9287
1030 626 94.8485 21.8752
1031 626 94.8485 21.8217
1032 626 94.8485 21.7685
1033 626 94.8485 21.7153
1034 626 94.8485 21.6622
1035 626 94.8485 21.6093
1036 626 94.8485 21.5566
1037 626 94.8485 21.5039
1038 626 94.8485 21.4514
1039 626 94.8485 21.399
1040 624 94.5455 21.3467
1041 624 94.5455 21.2946
1042 624 94.5455 21.2425
1043 624 94.5455 21.1906
1044 624 94.5455 21.1389
1045 624 94.5455 21.0872
1046 624 94.5455 21.0357
1047 624 94.5455 20.9843
1048 624 94.5455 20.9331
1049 624 94.5455 20.8819
1050 624 94.5455 20.8309
1051 624 94.5455 20.78
1052 624 94.5455 20.7293
1053 624 94.5455 20.6786
1054 624 94.5455 20.6281
1055 624 94.5455 20.5777
1056 624 94.5455 20.5274
1057 624 94.5455 20.4773
1058 624 94.5455 20.4272
1059 624 94.5455 20.3773
1060 622 94.2424 20.3275
1061 622 94.2424 20.2778
1062 622 94.2424 20.2283
1063 622 94.2424 20.1789
1064 622 94.2424 20.1296
1065 620 93.9394 20.0804
1066 620 93.9394 20.0313
1067 620 93.9394 19.9824
1068 620 93.9394 19.9335
1069 620 93.9394 19.8848
1070 620 93.9394 19.8362
1071 620 93.9394 19.7877
1072 620 93.9394 19.7394
1073 620 93.9394 19.6911
1074 620 93.9394 19.643
1075 620 93.9394 19.595
1076 620 93.9394 19.5471
1077 620 93.9394 19.4994
1078 620 93.9394 19.4517
1079 620 93.9394 19.4042
1080 620 93.9394 19.3567
1081 620 93.9394 19.3094
1082 620 93.9394 19.2622
1083 620 93.9394 19.2151
1084 620 93.9394 19.1682
1085 620 93.9394 19.1213
1086 620 93.9394 19.0746
1087 620 93.9394 19.028
1088 620 93.9394 18.9815
1089 620 93.9394 18.9351
1090 620 93.9394 18.8888
1091 620 93.9394 18.8426
1092 620 93.9394 18.7965
1093 620 93.9394 18.7506
1094 620 93.9394 18.7048
1095 620 93.9394 18.659
1096 620 93.9394 18.6134
1097 620 93.9394 18.5679
1098 618 93.6364 18.5225
1099 618 93.6364 18.4772
1100 618 93.6364 18.4321
1101 618 93.6364 18.387
1102 618 93.6364 18.342
1103 618 93.6364 18.2972
1104 618 93.6364 18.2525
1105 618 93.6364 18.2078
1106 618 93.6364 18.1633
1107 618 93.6364 18.1189
1108 618 93.6364 18.0746
1109 618 93.6364 18.0304
1110 618 93.6364 17.9863
1111 618 93.6364 17.9424
1112 618 93.6364 17.8985
1113 618 93.6364 17.8547
1114 618 93.6364 17.8111
1115 618 93.6364 17.7675
1116 618 93.6364 17.7241
1117 618 93.6364 17.6807
1118 618 93.6364 17.6375
1119 618 93.6364 17.5944
1120 618 93.6364 17.5514
1121 618 93.6364 17.5084
1122 618 93.6364 17.4656
1123 618 93.6364 17.4229
1124 618 93.6364 17.3803
1125 618 93.6364 17.3378
1126 618 93.6364 17.2954
1127 618 93.6364 17.2531
1128 616 93.3333 17.2109
1129 616 93.3333 17.1688
1130 616 93.3333 17.1268
1131 616 93.3333 17.085
1132 616 93.3333 17.0432
1133 616 93.3333 17.0015
1134 616 93.3333 16.9599
1135 616 93.3333 16.9184
1136 616 93.3333 16.8771
1137 616 93.3333 16.8358
1138 616 93.3333 16.7946
1139 616 93.3333 16.7535
1140 616 93.3333 16.7125
1141 616 93.3333 16.6717
1142 616 93.3333 16.6309
1143 616 93.3333 16.5902
1144 616 93.3333 16.5496
1145 616 93.3333 16.5092
1146 616 93.3333 16.4688
1147 616 93.3333 16.4285
1148 616 93.3333 16.3883
1149 616 93.3333 16.3482
1150 616 93.3333 16.3082
1151 616 93.3333 16.2683
1152 616 93.3333 16.2285
1153 616 93.3333 16.1888
1154 616 93.3333 16.1492
1155 616 93.3333 16.1097
1156 616 93.3333 16.0703
1157 616 93.3333 16.031
1158 616 93.3333 15.9918
1159 616 93.3333 15.9527
1160 616 93.3333 15.9136
1161 616 93.3333 15.8747
1162 614 93.0303 15.8359
1163 614 93.0303 15.7971
1164 614 93.0303 15.7585
1165 614 93.0303 15.7199
1166 614 93.0303 15.6815
1167 614 93.0303 15.6431
1168 614 93.0303 15.6048
1169 614 93.0303 15.5667
1170 614 93.0303 15.5286
1171 614 93.0303 15.4906
1172 614 93.0303 15.4527
1173 614 93.0303 15.4149
1174 614 93.0303 15.3772
1175 614 93.0303 15.3395
1176 614 93.0303 15.302
1177 614 93.0303 15.2646
1178 614 93.0303 15.2272
1179 614 93.0303 15.19
1180 614 93.0303 15.1528
1181 614 93.0303 15.1157
1182 614 93.0303 15.0787
1183 614 93.0303 15.0418
1184 614 93.0303 15.005
1185 614 93.0303 14.9683
1186 614 93.0303 14.9317
1187 614 93.0303 14.8951
1188 614 93.0303 14.8587
1189 614 93.0303 14.8223
1190 614 93.0303 14.7861
1191 614 93.0303 14.7499
1192 614 93.0303 14.7138
1193 614 93.0303 14.6778
1194 614 93.0303 14.6419
1195 614 93.0303 14.606
1196 614 93.0303 14.5703
1197 614 93.0303 14.5346
1198 614 93.0303 14.4991
1199 614 93.0303 14.4636
1200 614 93.0303 14.4282
1201 614 93.0303 14.3929
1202 614 93.0303 14.3576
1203 614 93.0303 14.3225
1204 614 93.0303 14.2875
1205 614 93.0303 14.2525
1206 614 93.0303 14.2176
1207 614 93.0303 14.1828
1208 612 92.7273 14.1481
1209 612 92.7273 14.1135
1210 612 92.7273 14.0789
1211 612 92.7273 14.0445
1212 612 92.7273 14.0101
1213 612 92.7273 13.9758
1214 612 92.7273 13.9416
1215 612 92.7273 13.9075
1216 612 92.7273 13.8734
1217 612 92.7273 13.8395
1218 612 92.7273 13.8056
1219 612 92.7273 13.7718
1220 612 92.7273 13.7381
1221 612 92.7273 13.7045
1222 612 92.7273 13.6709
1223 612 92.7273 13.6375
1224 612 92.7273 13.6041
1225 612 92.7273 13.5708
1226 612 92.7273 13.5376
1227 612 92.7273 13.5044
1228 612 92.7273 13.4714
1229 612 92.7273 13.4384
1230 612 92.7273 13.4055
1231 612 92.7273 13.3727
1232 612 92.7273 13.3399
1233 612 92.7273 13.3073
1234 612 92.7273 13.2747
1235 612 92.7273 13.2422
1236 612 92.7273 13.2098
1237 612 92.7273 13.1775
1238 612 92.7273 13.1452
1239 612 92.7273 13.113
1240 612 92.7273 13.0809
1241 612 92.7273 13.0489
1242 612 92.7273 13.0169
1243 612 92.7273 12.9851
1244 612 92.7273 12.9533
1245 612 92.7273 12.9216
1246 612 92.7273 12.8899
1247 612 92.7273 12.8584
1248 610 92.4242 12.8269
1249 610 92.4242 12.7955
1250 610 92.4242 12.7642
1251 610 92.4242 12.7329
1252 610 92.4242 12.7017
1253 610 92.4242 12.6707
1254 610 92.4242 12.6396
1255 608 92.1212 12.6087
1256 608 92.1212 12.5778
1257 608 92.1212 12.547
1258 608 92.1212 12.5163
1259 608 92.1212 12.4856
1260 608 92.1212 12.4551
1261 606 91.8182 12.4246
1262 606 91.8182 12.3942
1263 606 91.8182 12.3638
1264 606 91.8182 12.3335
1265 606 91.8182 12.3033
1266 606 91.8182 12.2732
1267 606 91.8182 12.2432
1268 606 91.8182 12.2132
1269 606 91.8182 12.1833
1270 606 91.8182 12.1534
1271 606 91.8182 12.1237
1272 604 91.5152 12.094
1273 604 91.5152 12.0644
1274 604 91.5152 12.0348
1275 604 91.5152 12.0054
1276 604 91.5152 11.976
1277 604 91.5152 11.9466
1278 604 91.5152 11.9174
1279 604 91.5152 11.8882
1280 604 91.5152 11.8591
1281 604 91.5152 11.8301
1282 604 91.5152 11.8011
1283 604 91.5152 11.7722
1284 604 91.5152 11.7434
1285 604 91.5152 11.7146
1286 604 91.5152 11.6859
1287 604 91.5152 11.6573
1288 604 91.5152 11.6287
1289 604 91.5152 11.6003
1290 604 91.5152 11.5719
1291 604 91.5152 11.5435
1292 604 91.5152 11.5152
1293 602 91.2121 11.487
1294 602 91.2121 11.4589
1295 602 91.2121 11.4309
1296 602 91.2121 11.4029
1297 602 91.2121 11.3749
1298 602 91.2121 11.3471
1299 602 91.2121 11.3193
1300 602 91.2121 11.2916
1301 602 91.2121 11.2639
1302 602 91.2121 11.2363
1303 602 91.2121 11.2088
1304 602 91.2121 11.1813
1305 602 91.2121 11.154
1306 602 91.2121 11.1266
1307 602 91.2121 11.0994
1308 602 91.2121 11.0722
1309 602 91.2121 11.0451
1310 602 91.2121 11.018
1311 602 91.2121 10.991
1312 602 91.2121 10.9641
1313 602 91.2121 10.9373
1314 602 91.2121 10.9105
1315 602 91.2121 10.8838
1316 602 91.2121 10.8571
1317 602 91.2121 10.8305
1318 600 90.9091 10.804
1319 600 90.9091 10.7775
1320 600 90.9091 10.7511
1321 600 90.9091 10.7248
1322 600 90.9091 10.6985
1323 598 90.6061 10.6723
1324 598 90.6061 10.6462
1325 598 90.6061 10.6201
1326 598 90.6061 10.5941
1327 598 90.6061 10.5681
1328 598 90.6061 10.5422
1329 598 90.6061 10.5164
1330 598 90.6061 10.4906
1331 598 90.6061 10.4649
1332 598 90.6061 10.4393
1333 598 90.6061 10.4137
1334 598 90.6061 10.3882
1335 598 90.6061 10.3628
1336 598 90.6061 10.3374
1337 598 90.6061 10.3121
1338 598 90.6061 10.2868
1339 598 90.6061 10.2616
1340 598 90.6061 10.2365
1341 598 90.6061 10.2114
1342 598 90.6061 10.1864
1343 598 90.6061 10.1614
1344 598 90.6061 10.1365
1345 598 90.6061 10.1117
1346 598 90.6061 10.0869
1347 598 90.6061 10.0622
1348 598 90.6061 10.0376
1349 596 90.303 10.013
1350 596 90.303 9.98845
1351 596 90.303 9.96398
1352 596 90.303 9.93956
1353 596 90.303 9.91521
1354 596 90.303 9.89092
1355 596 90.303 9.86669
1356 596 90.303 9.84252
1357 596 90.303 9.8184
1358 596 90.303 9.79435
1359 596 90.303 9.77035
1360 596 90.303 9.74642
1361 596 90.303 9.72254
1362 596 90.303 9.69872
1363 596 90.303 9.67495
1364 596 90.303 9.65125
1365 596 90.303 9.6276
1366 596 90.303 9.60402
1367 596 90.303 9.58048
1368 596 90.303 9.55701
1369 596 90.303 9.5336
1370 596 90.303 9.51024
1371 596 90.303 9.48694
1372 596 90.303 9.46369
1373 596 90.303 9.4405
1374 596 90.303 9.41737
1375 596 90.303 9.3943
1376 596 90.303 9.37128
1377 596 90.303 9.34832
1378 596 90.303 9.32541
1379 596 90.303 9.30256
1380 596 90.303 9.27977
1381 596 90.303 9.25703
1382 596 90.303 9.23435
1383 596 90.303 9.21172
1384 596 90.303 9.18915
1385 594 90 9.16664
1386 594 90 9.14418
1387 594 90 9.12177
1388 594 90 9.09942
1389 594 90 9.07712
1390 594 90 9.05488
1391 594 90 9.03269
1392 594 90 9.01056
1393 594 90 8.98848
1394 594 90 8.96645
1395 592 89.697 8.94448
1396 592 89.697 8.92256
1397 592 89.697 8.9007
1398 592 89.697 8.87889
1399 592 89.697 8.85713
1400 592 89.697 8.83543
1401 592 89.697 8.81378
1402 592 89.697 8.79218
1403 592 89.697 8.77063
1404 592 89.697 8.74914
1405 592 89.697 8.7277
1406 592 89.697 8.70631
1407 592 89.697 8.68498
1408 592 89.697 8.66369
1409 592 89.697 8.64246
1410 592 89.697 8.62128
1411 592 89.697 8.60016
1412 592 89.697 8.57908
1413 592 89.697 8.55806
1414 592 89.697 8.53708
1415 590 89.3939 8.51616
1416 590 89.3939 8.49529
1417 590 89.3939 8.47447
1418 588 89.0909 8.4537
1419 588 89.0909 8.43299
1420 588 89.0909 8.41232
1421 588 89.0909 8.3917
1422 588 89.0909 8.37114
1423 586 88.7879 8.35062
1424 584 88.4848 8.33016
1425 584 88.4848 8.30974
1426 584 88.4848 8.28938
1427 584 88.4848 8.26906
1428 584 88.4848 8.2488
1429 584 88.4848 8.22858
1430 584 88.4848 8.20841
1431 584 88.4848 8.1883
1432 584 88.4848 8.16823
1433 584 88.4848 8.14821
1434 584 88.4848 8.12824
1435 584 88.4848 8.10832
1436 584 88.4848 8.08845
1437 584 88.4848 8.06862
1438 584 88.4848 8.04885
1439 582 88.1818 8.02912
1440 582 88.1818 8.00944
1441 582 88.1818 7.98981
1442 582 88.1818 7.97023
1443 582 88.1818 7.95069
1444 582 88.1818 7.93121
1445 582 88.1818 7.91177
1446 582 88.1818 7.89238
1447 582 88.1818 7.87303
1448 582 88.1818 7.85374
1449 582 88.1818 7.83449
1450 582 88.1818 7.81528
1451 580 87.8788 7.79613
1452 580 87.8788 7.77702
1453 580 87.8788 7.75796
1454 580 87.8788 7.73894
1455 580 87.8788 7.71998
1456 580 87.8788 7.70105
1457 578 87.5758 7.68218
1458 578 87.5758 7.66335
1459 578 87.5758 7.64456
1460 578 87.5758 7.62583
1461 578 87.5758 7.60714
1462 578 87.5758 7.58849
1463 578 87.5758 7.56989
1464 576 87.2727 7.55133
1465 576 87.2727 7.53283
1466 576 87.2727 7.51436
1467 576 87.2727 7.49594
1468 576 87.2727 7.47757
1469 576 87.2727 7.45924
1470 576 87.2727 7.44096
1471 576 87.2727 7.42272
1472 576 87.2727 7.40452
1473 576 87.2727 7.38637
1474 576 87.2727 7.36827
1475 576 87.2727 7.3502
1476 576 87.2727 7.33219
1477 576 87.2727 7.31421
1478 576 87.2727 7.29629
1479 576 87.2727 7.2784
1480 576 87.2727 7.26056
1481 576 87.2727 7.24276
1482 576 87.2727 7.22501
1483 576 87.2727 7.2073
1484 574 86.9697 7.18963
1485 574 86.9697 7.17201
1486 574 86.9697 7.15442
1487 574 86.9697 7.13689
1488 574 86.9697 7.11939
1489 574 86.9697 7.10194
1490 574 86.9697 7.08453
1491 574 86.9697 7.06716
1492 574 86.9697 7.04984
1493 574 86.9697 7.03256
1494 574 86.9697 7.01532
1495 574 86.9697 6.99812
1496 574 86.9697 6.98097
1497 574 86.9697 6.96385
1498 574 86.9697 6.94678
1499 574 86.9697 6.92975
1500 574 86.9697 6.91276
1501 574 86.9697 6.89582
1502 574 86.9697 6.87891
1503 574 86.9697 6.86205
1504 574 86.9697 6.84523
1505 574 86.9697 6.82845
1506 574 86.9697 6.81171
1507 574 86.9697 6.79501
1508 574 86.9697 6.77835
1509 574 86.9697 6.76173
1510 572 86.6667 6.74516
1511 572 86.6667 6.72862
1512 572 86.6667 6.71212
1513 570 86.3636 6.69567
1514 570 86.3636 6.67925
1515 570 86.3636 6.66288
1516 570 86.3636 6.64654
1517 570 86.3636 6.63025
1518 570 86.3636 6.614
1519 570 86.3636 6.59778
1520 570 86.3636 6.58161
1521 570 86.3636 6.56547
1522 570 86.3636 6.54937
1523 568 86.0606 6.53332
1524 568 86.0606 6.5173
1525 568 86.0606 6.50132
1526 568 86.0606 6.48538
1527 568 86.0606 6.46948
1528 568 86.0606 6.45362
1529 568 86.0606 6.4378
1530 568 86.0606 6.42202
1531 568 86.0606 6.40627
1532 568 86.0606 6.39057
1533 568 86.0606 6.3749
1534 568 86.0606 6.35927
1535 568 86.0606 6.34368
1536 568 86.0606 6.32812
1537 568 86.0606 6.31261
1538 568 86.0606 6.29713
1539 568 86.0606 6.28169
1540 568 86.0606 6.26629
1541 566 85.7576 6.25093
1542 566 85.7576 6.2356
1543 566 85.7576 6.22032
1544 566 85.7576 6.20507
1545 566 85.7576 6.18985
1546 566 85.7576 6.17468
1547 566 85.7576 6.15954
1548 564 85.4545 6.14443
1549 562 85.1515 6.12937
1550 560 84.8485 6.11434
1551 560 84.8485 6.09935
1552 560 84.8485 6.0844
1553 560 84.8485 6.06948
1554 560 84.8485 6.0546
1555 560 84.8485 6.03975
1556 560 84.8485 6.02494
1557 560 84.8485 6.01017
1558 560 84.8485 5.99543
1559 560 84.8485 5.98073
1560 560 84.8485 5.96607
1561 558 84.5455 5.95144
1562 558 84.5455 5.93685
1563 558 84.5455 5.92229
1564 558 84.5455 5.90777
1565 558 84.5455 5.89329
1566 558 84.5455 5.87884
1567 558 84.5455 5.86442
1568 558 84.5455 5.85004
1569 558 84.5455 5.8357
1570 558 84.5455 5.82139
1571 558 84.5455 5.80712
1572 558 84.5455 5.79288
1573 558 84.5455 5.77867
1574 556 84.2424 5.7645
1575 556 84.2424 5.75037
1576 556 84.2424 5.73627
1577 556 84.2424 5.7222
1578 554 83.9394 5.70817
1579 554 83.9394 5.69418
1580 554 83.9394 5.68022
1581 554 83.9394 5.66629
1582 554 83.9394 5.65239
1583 554 83.9394 5.63853
1584 554 83.9394 5.62471
1585 554 83.9394 5.61092
1586 554 83.9394 5.59716
1587 554 83.9394 5.58343
1588 554 83.9394 5.56974
1589 554 83.9394 5.55608
1590 554 83.9394 5.54246
1591 554 83.9394 5.52887
1592 554 83.9394 5.51531
1593 554 83.9394 5.50179
1594 554 83.9394 5.4883
1595 554 83.9394 5.47484
1596 552 83.6364 5.46141
1597 550 83.3333 5.44802
1598 550 83.3333 5.43466
1599 550 83.3333 5.42134
1600 550 83.3333 5.40804
1601 550 83.3333 5.39478
1602 550 83.3333 5.38155
1603 550 83.3333 5.36836
1604 550 83.3333 5.35519
1605 550 83.3333 5.34206
1606 550 83.3333 5.32896
1607 550 83.3333 5.31589
1608 550 83.3333 5.30286
1609 550 83.3333 5.28985
1610 550 83.3333 5.27688
1611 550 83.3333 5.26394
1612 550 83.3333 5.25103
1613 550 83.3333 5.23816
1614 548 83.0303 5.22531
1615 548 83.0303 5.2125
1616 548 83.0303 5.19972
1617 548 83.0303 5.18697
1618 548 83.0303 5.17425
1619 546 82.7273 5.16156
1620 546 82.7273 5.1489
1621 546 82.7273 5.13627
1622 546 82.7273 5.12368
1623 542 82.1212 5.11111
1624 542 82.1212 5.09858
1625 542 82.1212 5.08608
1626 542 82.1212 5.0736
1627 542 82.1212 5.06116
1628 542 82.1212 5.04875
1629 542 82.1212 5.03637
1630 542 82.1212 5.02402
1631 542 82.1212 5.0117
1632 542 82.1212 4.99941
1633 540 81.8182 4.98715
1634 540 81.8182 4.97492
1635 540 81.8182 4.96272
1636 540 81.8182 4.95055
1637 540 81.8182 4.93841
1638 538 81.5152 4.9263
1639 538 81.5152 4.91422
1640 538 81.5152 4.90216
1641 536 81.2121 4.89014
1642 536 81.2121 4.87815
1643 536 81.2121 4.86619
1644 536 81.2121 4.85425
1645 536 81.2121 4.84235
1646 536 81.2121 4.83047
1647 536 81.2121 4.81863
1648 536 81.2121 4.80681
1649 536 81.2121 4.79502
1650 536 81.2121 4.78326
1651 536 81.2121 4.77153
1652 536 81.2121 4.75983
1653 536 81.2121 4.74816
1654 536 81.2121 4.73651
1655 534 80.9091 4.7249
1656 534 80.9091 4.71331
1657 534 80.9091 4.70175
1658 532 80.6061 4.69022
1659 532 80.6061 4.67872
1660 532 80.6061 4.66724
1661 530 80.303 4.6558
1662 530 80.303 4.64438
1663 530 80.303 4.63299
1664 530 80.303 4.62163
1665 530 80.303 4.61029
1666 530 80.303 4.59898
1667 530 80.303 4.58771
1668 530 80.303 4.57645
1669 530 80.303 4.56523
1670 530 80.303 4.55403
1671 530 80.303 4.54287
1672 530 80.303 4.53172
1673 530 80.303 4.52061
1674 530 80.303 4.50952
1675 530 80.303 4.49846
1676 528 80 4.48743
1677 528 80 4.47643
1678 528 80 4.46545
1679 528 80 4.45449
1680 528 80 4.44357
1681 528 80 4.43267
1682 528 80 4.4218
1683 528 80 4.41096
1684 528 80 4.40014
1685 526 79.697 4.38935
1686 526 79.697 4.37858
1687 524 79.3939 4.36784
1688 524 79.3939 4.35713
1689 524 79.3939 4.34644
1690 522 79.0909 4.33578
1691 522 79.0909 4.32515
1692 520 78.7879 4.31454
1693 520 78.7879 4.30396
1694 520 78.7879 4.2934
1695 520 78.7879 4.28287
1696 520 78.7879 4.27237
1697 520 78.7879 4.26189
1698 520 78.7879 4.25144
1699 520 78.7879 4.24101
1700 520 78.7879 4.23061
1701 520 78.7879 4.22023
1702 520 78.7879 4.20988
1703 520 78.7879 4.19956
1704 518 78.4848 4.18926
1705 518 78.4848 4.17898
1706 518 78.4848 4.16873
1707 518 78.4848 4.15851
1708 518 78.4848 4.14831
1709 518 78.4848 4.13813
1710 516 78.1818 4.12798
1711 516 78.1818 4.11786
1712 514 77.8788 4.10776
1713 514 77.8788 4.09768
1714 514 77.8788 4.08763
1715 514 77.8788 4.07761
1716 514 77.8788 4.06761
1717 514 77.8788 4.05763
1718 514 77.8788 4.04768
1719 514 77.8788 4.03775
1720 512 77.5758 4.02785
1721 512 77.5758 4.01797
1722 512 77.5758 4.00811
1723 512 77.5758 3.99828
1724 512 77.5758 3.98848
1725 512 77.5758 3.97869
1726 512 77.5758 3.96893
1727 512 77.5758 3.9592
1728 512 77.5758 3.94949
1729 508 76.9697 3.9398
1730 508 76.9697 3.93014
1731 508 76.9697 3.9205
1732 508 76.9697 3.91088
1733 508 76.9697 3.90129
1734 508 76.9697 3.89172
1735 506 76.6667 3.88218
1736 504 76.3636 3.87265
1737 504 76.3636 3.86315
1738 504 76.3636 3.85368
1739 504 76.3636 3.84423
1740 504 76.3636 3.8348
1741 504 76.3636 3.82539
1742 504 76.3636 3.81601
1743 504 76.3636 3.80665
1744 504 76.3636 3.79731
1745 502 76.0606 3.788
1746 502 76.0606 3.77871
1747 502 76.0606 3.76944
1748 500 75.7576 3.76019
1749 500 75.7576 3.75097
1750 500 75.7576 3.74177
1751 498 75.4545 3.73259
1752 498 75.4545 3.72344
1753 496 75.1515 3.7143
1754 496 75.1515 3.70519
1755 496 75.1515 3.6961
1756 496 75.1515 3.68704
1757 496 75.1515 3.67799
1758 496 75.1515 3.66897
1759 496 75.1515 3.65997
1760 496 75.1515 3.65099
1761 496 75.1515 3.64204
1762 496 75.1515 3.63311
1763 496 75.1515 3.62419
1764 494 74.8485 3.6153
1765 494 74.8485 3.60644
1766 494 74.8485 3.59759
1767 494 74.8485 3.58877
1768 494 74.8485 3.57996
1769 494 74.8485 3.57118
1770 494 74.8485 3.56242
1771 494 74.8485 3.55368
1772 494 74.8485 3.54497
1773 494 74.8485 3.53627
1774 494 74.8485 3.5276
1775 494 74.8485 3.51894
1776 494 74.8485 3.51031
1777 494 74.8485 3.5017
1778 490 74.2424 3.49311
1779 488 73.9394 3.48454
1780 486 73.6364 3.476
1781 486 73.6364 3.46747
1782 486 73.6364 3.45897
1783 484 73.3333 3.45048
1784 482 73.0303 3.44202
1785 482 73.0303 3.43357
1786 482 73.0303 3.42515
1787 482 73.0303 3.41675
1788 482 73.0303 3.40837
1789 482 73.0303 3.40001
1790 480 72.7273 3.39167
1791 480 72.7273 3.38335
1792 480 72.7273 3.37505
1793 480 72.7273 3.36677
1794 480 72.7273 3.35851
1795 480 72.7273 3.35027
1796 478 72.4242 3.34205
1797 478 72.4242 3.33386
1798 478 72.4242 3.32568
1799 478 72.4242 3.31752
1800 478 72.4242 3.30938
1801 478 72.4242 3.30126
1802 478 72.4242 3.29317
1803 478 72.4242 3.28509
1804 478 72.4242 3.27703
1805 478 72.4242 3.26899
1806 478 72.4242 3.26097
1807 476 72.1212 3.25297
1808 476 72.1212 3.24499
1809 476 72.1212 3.23703
1810 474 71.8182 3.22909
1811 474 71.8182 3.22117
1812 470 71.2121 3.21327
1813 470 71.2121 3.20539
1814 470 71.2121 3.19753
1815 470 71.2121 3.18968
1816 470 71.2121 3.18186
1817 470 71.2121 3.17405
1818 468 70.9091 3.16627
1819 468 70.9091 3.1585
1820 468 70.9091 3.15075
1821 466 70.6061 3.14302
1822 466 70.6061 3.13531
1823 466 70.6061 3.12762
1824 466 70.6061 3.11995
1825 464 70.303 3.1123
1826 464 70.303 3.10466
1827 464 70.303 3.09704
1828 464 70.303 3.08945
1829 464 70.303 3.08187
1830 464 70.303 3.07431
1831 464 70.303 3.06677
1832 464 70.303 3.05924
1833 464 70.303 3.05174
1834 464 70.303 3.04425
1835 460 69.697 3.03679
1836 458 69.3939 3.02934
1837 456 69.0909 3.0219
1838 456 69.0909 3.01449
1839 456 69.0909 3.0071
1840 454 68.7879 2.99972
1841 454 68.7879 2.99236
1842 454 68.7879 2.98502
1843 454 68.7879 2.9777
1844 454 68.7879 2.97039
1845 454 68.7879 2.96311
1846 454 68.7879 2.95584
1847 454 68.7879 2.94859
1848 452 68.4848 2.94135
1849 452 68.4848 2.93414
1850 452 68.4848 2.92694
1851 452 68.4848 2.91976
1852 452 68.4848 2.9126
1853 452 68.4848 2.90545
1854 448 67.8788 2.89832
1855 448 67.8788 2.89121
1856 448 67.8788 2.88412
1857 444 67.2727 2.87705
1858 444 67.2727 2.86999
1859 444 67.2727 2.86295
1860 444 67.2727 2.85593
1861 444 67.2727 2.84892
1862 444 67.2727 2.84193
1863 444 67.2727 2.83496
1864 444 67.2727 2.828
1865 442 66.9697 2.82107
1866 442 66.9697 2.81415
1867 442 66.9697 2.80724
1868 442 66.9697 2.80036
1869 442 66.9697 2.79349
1870 442 66.9697 2.78663
1871 442 66.9697 2.7798
1872 440 66.6667 2.77298
1873 438 66.3636 2.76617
1874 438 66.3636 2.75939
1875 438 66.3636 2.75262
1876 436 66.0606 2.74587
1877 436 66.0606 2.73913
1878 436 66.0606 2.73241
1879 436 66.0606 2.72571
1880 436 66.0606 2.71902
1881 436 66.0606 2.71235
1882 436 66.0606 2.7057
1883 434 65.7576 2.69906
1884 432 65.4545 2.69244
1885 432 65.4545 2.68583
1886 432 65.4545 2.67924
1887 432 65.4545 2.67267
1888 426 64.5455 2.66611
1889 424 64.2424 2.65957
1890 424 64.2424 2.65305
1891 424 64.2424 2.64654
1892 424 64.2424 2.64005
1893 424 64.2424 2.63357
1894 424 64.2424 2.62711
1895 424 64.2424 2.62066
1896 424 64.2424 2.61424
1897 422 63.9394 2.60782
1898 422 63.9394 2.60142
1899 422 63.9394 2.59504
1900 422 63.9394 2.58868
1901 422 63.9394 2.58233
1902 422 63.9394 2.57599
1903 418 63.3333 2.56967
1904 418 63.3333 2.56337
1905 418 63.3333 2.55708
1906 418 63.3333 2.5508
1907 416 63.0303 2.54455
1908 416 63.0303 2.5383
1909 414 62.7273 2.53208
1910 414 62.7273 2.52587
1911 414 62.7273 2.51967
1912 414 62.7273 2.51349
1913 414 62.7273 2.50732
1914 410 62.1212 2.50117
1915 410 62.1212 2.49503
1916 410 62.1212 2.48891
1917 410 62.1212 2.48281
1918 410 62.1212 2.47672
1919 408 61.8182 2.47064
1920 406 61.5152 2.46458
1921 406 61.5152 2.45853
1922 404 61.2121 2.4525
1923 404 61.2121 2.44648
1924 404 61.2121 2.44048
1925 402 60.9091 2.43449
1926 402 60.9091 2.42852
1927 402 60.9091 2.42256
1928 402 60.9091 2.41662
1929 402 60.9091 2.41069
1930 402 60.9091 2.40478
1931 402 60.9091 2.39888
1932 400 60.6061 2.39299
1933 398 60.303 2.38712
1934 396 60 2.38127
1935 396 60 2.37542
1936 396 60 2.3696
1937 394 59.697 2.36378
1938 394 59.697 2.35798
1939 394 59.697 2.3522
1940 394 59.697 2.34643
1941 392 59.3939 2.34067
1942 392 59.3939 2.33493
1943 392 59.3939 2.3292
1944 392 59.3939 2.32349
1945 392 59.3939 2.31779
1946 388 58.7879 2.3121
1947 386 58.4848 2.30643
1948 386 58.4848 2.30077
1949 386 58.4848 2.29512
1950 386 58.4848 2.28949
1951 384 58.1818 2.28388
1952 384 58.1818 2.27827
1953 384 58.1818 2.27268
1954 382 57.8788 2.26711
1955 382 57.8788 2.26155
1956 382 57.8788 2.256
1957 380 57.5758 2.25046
1958 378 57.2727 2.24494
1959 376 56.9697 2.23943
1960 376 56.9697 2.23394
1961 376 56.9697 2.22846
1962 376 56.9697 2.22299
1963 372 56.3636 2.21754
1964 372 56.3636 2.2121
1965 372 56.3636 2.20667
1966 372 56.3636 2.20126
1967 372 56.3636 2.19586
1968 370 56.0606 2.19047
1969 370 56.0606 2.18509
1970 370 56.0606 2.17973
1971 368 55.7576 2.17439
1972 368 55.7576 2.16905
1973 366 55.4545 2.16373
1974 366 55.4545 2.15842
1975 366 55.4545 2.15313
1976 366 55.4545 2.14784
1977 366 55.4545 2.14257
1978 362 54.8485 2.13732
1979 362 54.8485 2.13207
1980 362 54.8485 2.12684
1981 360 54.5455 2.12162
1982 360 54.5455 2.11642
1983 360 54.5455 2.11123
1984 356 53.9394 2.10605
1985 356 53.9394 2.10088
1986 356 53.9394 2.09573
1987 354 53.6364 2.09058
1988 352 53.3333 2.08545
1989 352 53.3333 2.08034
1990 352 53.3333 2.07523
1991 352 53.3333 2.07014
1992 352 53.3333 2.06506
1993 352 53.3333 2.06
1994 352 53.3333 2.05494
1995 352 53.3333 2.0499
1996 352 53.3333 2.04487
1997 350 53.0303 2.03985
1998 348 52.7273 2.03485
1999 348 52.7273 2.02986
2000 346 52.4242 2.02488
2001 344 52.1212 2.01991
2002 334 50.6061 2.01495
2003 332 50.303 2.01001
2004 332 50.303 2.00508
2005 330 50 2.00016
2006 330 50 1.99525
2007 330 50 1.99036
2008 330 50 1.98547
2009 328 49.697 1.9806
2010 328 49.697 1.97574
2011 328 49.697 1.9709
2012 328 49.697 1.96606
2013 326 49.3939 1.96124
2014 326 49.3939 1.95642
2015 326 49.3939 1.95162
2016 326 49.3939 1.94684
2017 326 49.3939 1.94206
2018 326 49.3939 1.9373
2019 326 49.3939 1.93254
2020 326 49.3939 1.9278
2021 324 49.0909 1.92307
2022 324 49.0909 1.91835
2023 322 48.7879 1.91365
2024 320 48.4848 1.90895
2025 320 48.4848 1.90427
2026 320 48.4848 1.8996
2027 318 48.1818 1.89493
2028 316 47.8788 1.89029
2029 316 47.8788 1.88565
2030 314 47.5758 1.88102
2031 314 47.5758 1.87641
2032 306 46.3636 1.8718
2033 306 46.3636 1.86721
2034 306 46.3636 1.86263
2035 306 46.3636 1.85806
2036 304 46.0606 1.8535
2037 304 46.0606 1.84895
2038 300 45.4545 1.84442
2039 300 45.4545 1.83989
2040 300 45.4545 1.83538
2041 294 44.5455 1.83087
2042 294 44.5455 1.82638
2043 292 44.2424 1.8219
2044 290 43.9394 1.81743
2045 290 43.9394 1.81297
2046 288 43.6364 1.80852
2047 288 43.6364 1.80409
2048 286 43.3333 1.79966
2049 284 43.0303 1.79524
2050 282 42.7273 1.79084
2051 280 42.4242 1.78645
2052 280 42.4242 1.78206
2053 278 42.1212 1.77769
2054 278 42.1212 1.77333
2055 278 42.1212 1.76898
2056 274 41.5152 1.76464
2057 272 41.2121 1.76031
2058 272 41.2121 1.75599
2059 270 40.9091 1.75168
2060 270 40.9091 1.74738
2061 270 40.9091 1.7431
2062 268 40.6061 1.73882
2063 268 40.6061 1.73455
2064 266 40.303 1.7303
2065 264 40 1.72605
2066 264 40 1.72182
2067 262 39.697 1.71759
2068 260 39.3939 1.71338
2069 258 39.0909 1.70917
2070 258 39.0909 1.70498
2071 258 39.0909 1.7008
2072 258 39.0909 1.69662
2073 256 38.7879 1.69246
2074 256 38.7879 1.68831
2075 256 38.7879 1.68417
2076 254 38.4848 1.68003
2077 248 37.5758 1.67591
2078 248 37.5758 1.6718
2079 248 37.5758 1.6677
2080 244 36.9697 1.66361
2081 244 36.9697 1.65952
2082 244 36.9697 1.65545
2083 242 36.6667 1.65139
2084 242 36.6667 1.64734
2085 240 36.3636 1.6433
2086 238 36.0606 1.63927
2087 236 35.7576 1.63524
2088 234 35.4545 1.63123
2089 234 35.4545 1.62723
2090 234 35.4545 1.62324
2091 234 35.4545 1.61925
2092 232 35.1515 1.61528
2093 230 34.8485 1.61132
2094 230 34.8485 1.60736
2095 228 34.5455 1.60342
2096 228 34.5455 1.59949
2097 226 34.2424 1.59556
2098 226 34.2424 1.59165
2099 226 34.2424 1.58774
2100 226 34.2424 1.58385
2101 226 34.2424 1.57996
2102 226 34.2424 1.57608
2103 222 33.6364 1.57222
2104 222 33.6364 1.56836
2105 222 33.6364 1.56451
2106 222 33.6364 1.56067
2107 222 33.6364 1.55684
2108 218 33.0303 1.55302
2109 216 32.7273 1.54921
2110 216 32.7273 1.54541
2111 216 32.7273 1.54162
2112 216 32.7273 1.53784
2113 214 32.4242 1.53406
2114 214 32.4242 1.5303
2115 212 32.1212 1.52654
2116 212 32.1212 1.5228
2117 210 31.8182 1.51906
2118 208 31.5152 1.51534
2119 208 31.5152 1.51162
2120 208 31.5152 1.50791
2121 206 31.2121 1.50421
2122 204 30.9091 1.50052
2123 204 30.9091 1.49684
2124 204 30.9091 1.49316
2125 202 30.6061 1.4895
2126 202 30.6061 1.48585
2127 202 30.6061 1.4822
2128 202 30.6061 1.47856
2129 202 30.6061 1.47494
2130 200 30.303 1.47132
2131 198 30 1.46771
2132 196 29.697 1.4641
2133 196 29.697 1.46051
2134 196 29.697 1.45693
2135 194 29.3939 1.45335
2136 194 29.3939 1.44979
2137 194 29.3939 1.44623
2138 190 28.7879 1.44268
2139 190 28.7879 1.43914
2140 190 28.7879 1.43561
2141 190 28.7879 1.43209
2142 190 28.7879 1.42858
2143 188 28.4848 1.42507
2144 186 28.1818 1.42157
2145 182 27.5758 1.41809
2146 182 27.5758 1.41461
2147 182 27.5758 1.41114
2148 180 27.2727 1.40767
2149 180 27.2727 1.40422
2150 180 27.2727 1.40077
2151 178 26.9697 1.39734
2152 178 26.9697 1.39391
2153 176 26.6667 1.39049
2154 176 26.6667 1.38708
2155 176 26.6667 1.38367
2156 174 26.3636 1.38028
2157 174 26.3636 1.37689
2158 172 26.0606 1.37351
2159 172 26.0606 1.37014
2160 168 25.4545 1.36678
2161 168 25.4545 1.36343
2162 168 25.4545 1.36008
2163 166 25.1515 1.35674
2164 166 25.1515 1.35342
2165 164 24.8485 1.35009
2166 164 24.8485 1.34678
2167 162 24.5455 1.34348
2168 162 24.5455 1.34018
2169 160 24.2424 1.33689
2170 158 23.9394 1.33361
2171 156 23.6364 1.33034
2172 156 23.6364 1.32708
2173 156 23.6364 1.32382
2174 154 23.3333 1.32057
2175 152 23.0303 1.31733
2176 152 23.0303 1.3141
2177 152 23.0303 1.31087
2178 150 22.7273 1.30766
2179 150 22.7273 1.30445
2180 150 22.7273 1.30125
2181 148 22.4242 1.29806
2182 146 22.1212 1.29487
2183 144 21.8182 1.29169
2184 140 21.2121 1.28852
2185 138 20.9091 1.28536
2186 138 20.9091 1.28221
2187 138 20.9091 1.27906
2188 138 20.9091 1.27592
2189 138 20.9091 1.27279
2190 138 20.9091 1.26967
2191 134 20.303 1.26656
2192 134 20.303 1.26345
2193 132 20 1.26035
2194 128 19.3939 1.25726
2195 126 19.0909 1.25417
2196 126 19.0909 1.25109
2197 126 19.0909 1.24802
2198 126 19.0909 1.24496
2199 126 19.0909 1.24191
2200 124 18.7879 1.23886
2201 124 18.7879 1.23582
2202 124 18.7879 1.23279
2203 124 18.7879 1.22976
2204 122 18.4848 1.22674
2205 118 17.8788 1.22373
2206 116 17.5758 1.22073
2207 116 17.5758 1.21774
2208 110 16.6667 1.21475
2209 108 16.3636 1.21177
2210 108 16.3636 1.20879
2211 108 16.3636 1.20583
2212 108 16.3636 1.20287
2213 106 16.0606 1.19992
2214 106 16.0606 1.19697
2215 106 16.0606 1.19404
2216 104 15.7576 1.19111
2217 102 15.4545 1.18818
2218 100 15.1515 1.18527
2219 94 14.2424 1.18236
2220 94 14.2424 1.17946
2221 90 13.6364 1.17657
2222 90 13.6364 1.17368
2223 90 13.6364 1.1708
2224 88 13.3333 1.16793
2225 88 13.3333 1.16506
2226 86 13.0303 1.1622
2227 86 13.0303 1.15935
2228 86 13.0303 1.15651
2229 82 12.4242 1.15367
2230 80 12.1212 1.15084
2231 80 12.1212 1.14801
2232 80 12.1212 1.1452
2233 78 11.8182 1.14239
2234 74 11.2121 1.13958
2235 72 10.9091 1.13679
2236 70 10.6061 1.134
2237 70 10.6061 1.13122
2238 68 10.303 1.12844
2239 62 9.39394 1.12567
2240 62 9.39394 1.12291
2241 56 8.48485 1.12015
2242 56 8.48485 1.1174
2243 56 8.48485 1.11466
2244 54 8.18182 1.11193
2245 52 7.87879 1.1092
2246 48 7.27273 1.10648
2247 48 7.27273 1.10376
2248 46 6.9697 1.10105
2249 42 6.36364 1.09835
2250 42 6.36364 1.09566
2251 40 6.06061 1.09297
2252 36 5.45455 1.09029
2253 34 5.15152 1.08761
2254 30 4.54545 1.08494
2255 30 4.54545 1.08228
2256 30 4.54545 1.07963
2257 26 3.93939 1.07698
2258 26 3.93939 1.07433
2259 22 3.33333 1.0717
2260 22 3.33333 1.06907
2261 20 3.0303 1.06645
2262 20 3.0303 1.06383
2263 18 2.72727 1.06122
2264 16 2.42424 1.05861
2265 16 2.42424 1.05602
2266 14 2.12121 1.05343
2267 12 1.81818 1.05084
2268 12 1.81818 1.04826
2269 10 1.51515 1.04569
2270 10 1.51515 1.04312
2271 10 1.51515 1.04056
2272 8 1.21212 1.03801
2273 6 0.909091 1.03546
2274 6 0.909091 1.03292
2275 6 0.909091 1.03039
2276 6 0.909091 1.02786
2277 6 0.909091 1.02534
2278 6 0.909091 1.02282
2279 6 0.909091 1.02031
2280 2 0.30303 1.01781
2281 2 0.30303 1.01531
2282 2 0.30303 1.01282
2283 2 0.30303 1.01034
2284 2 0.30303 1.00786
2285 2 0.30303 1.00538
2286 2 0.30303 1.00292
2287 2 0.30303 1.00046
2288 0 0 0.998001
